(13, 89), -137
(117, 94), 56
(-15, -41), 194
(176, 114), -20
(-66, -152), 82
(-15, -23), 175
(9, -32), -195
(58, -134), 4
(67, 138), -99
(-191, 91), 77
(130, 59), 38
(-3, -44), -5
(127, 131), 183
(163, -43), -54
(-57, 6), -58
(-8, -147), -179
(81, -117), 115
(-40, 124), -82
(27, 74), -4
(101, -5), 150
(-59, 121), 80
(128, -50), -28
(168, -169), 66
(-37, 126), -25
(-9, 141), 3
(-62, -65), -135
(-182, 84), -3
(-159, -147), 156
(0, -62), 145
(191, -96), 93
(120, 55), -102
(29, 75), -189
(38, 19), 137
(174, -193), 24
(-62, 172), 137
(-50, -80), 23
(52, 50), 86
(8, 48), 160
(176, -26), -126
(188, 20), -109
(60, 35), -194
(65, 108), -52
(144, -145), 176
(110, 40), 136
(-54, 67), 83
(-78, 149), 37
(-169, 142), -191
(184, -74), -140
(194, 18), 176
(180, -111), 7
(62, -172), -160
(-113, 147), -126
(80, -193), 112
(-44, -35), -185
(-98, 71), -12
(153, -105), 8
(192, -139), 153
(51, -105), -86
(-157, 161), -165
(-171, -136), -69
(169, 198), -86
(-158, 23), 129
(6, 58), -98
(-13, 58), 110
(105, 17), -105
(-65, 63), -133
(-46, 62), 97
(69, 172), -113
(139, -98), 8
(-167, -136), 116
(-91, 127), 39
(-78, -95), 61
(-127, -2), -20
(-72, 9), -113
(10, 25), 91
(32, 131), 49
(-131, -104), -68
(194, 181), -2
(-148, -116), -119
(179, 71), 62
(-178, -54), 119
(47, 139), -54
(-198, -187), 140
(-125, 157), -103
(-153, 194), 129
(-140, 107), -197
(63, -6), 24
(118, 93), 125
(43, -161), -200
(-184, -176), 196
(-16, 144), -73
(-97, -129), -34
(-90, -56), 123
(-152, -14), 42
(4, 80), -24
(63, -147), -131
(-6, 96), -3
(-133, -151), -153
(-89, 107), 174
(104, -42), -133
(-196, -8), 105
(-144, 138), -22
(-85, -86), 108
(-118, -184), 4
(13, -96), -11
(194, 36), 28
(156, 14), 35
(113, 110), -113
(-194, -128), 173
(148, 148), 193
(20, -98), -100
(121, -110), 169
(-102, 176), 98
(147, 107), 134
(-133, -136), 100
(142, 183), 67
(19, 190), 32
(45, 70), 51
(95, 61), 61
(-13, -159), -64
(-7, 14), -122
(-121, -84), 194
(-42, -52), 54
(-24, 123), -20
(151, -46), 169
(162, 133), 11
(-104, 52), 135
(-43, -137), 125
(-162, -185), 132
(28, 94), -37
(72, -30), 150
(68, 58), 97
(-137, -112), -179
(-134, 182), -2
(60, 87), 181
(188, 0), -138
(-35, 152), -151
(-133, -120), -157
(167, 50), 57
(-49, -181), -48
(-27, -75), 199
(108, 46), -65
(176, -121), 118
(118, -105), -40
(-108, -13), -164
(-44, -123), -85
(-56, 95), -126
(41, 175), 199
(149, -90), -52
(111, 73), -152
(-34, 194), 19
(-198, -65), 122
(116, 45), 182
(-18, 188), 81
(-108, 0), -183
(12, 74), -18
(-149, 9), -58
(-96, 16), -116
(23, 52), -121
(-26, 97), 0
(55, 39), 19
(-169, -24), -103
(-64, -93), 148
(-112, 192), 181
(-164, 12), -96
(12, -181), -14
(-66, 156), -169
(-22, 18), -16
(45, -7), 153
(-18, 21), 21
(-30, 45), -158
(-88, -173), 175
(94, 179), 119
(-118, -133), -107
(-16, 127), 152
(87, 101), 52
(157, 190), 123
(84, -134), 20
(165, 102), -8
(-196, -191), -117
(151, 182), -117
(-182, -154), -120
(18, -167), -171
(-103, -179), -96
(-114, -26), -104
(142, -86), -81
(144, 163), -76
(185, 7), 15
(122, -86), -149
(125, -100), 152
(-89, -89), -9
(168, 31), 58
(-149, 140), -176
(-55, 70), -185
(-47, -181), -14
(123, 70), -110
(191, 76), 117
(134, 157), 151
(-131, 99), -96
(115, -104), 39
(-112, -17), -70
(97, 82), 127
(-14, 89), -140
(-86, -147), 8
(144, -58), -82
(-154, -34), 118
(-50, -62), 48
(109, 123), 37
(95, -13), 191
(-159, 117), -75
(124, 34), 121
(-172, 11), 55
(41, 131), -146
(-147, 127), -179
(80, -19), 93
(-141, -49), 170
(-197, -3), 152
(124, 149), 148
(-150, 93), 166
(-163, -196), -93
(-152, -52), 108
(-16, 84), -115
(-137, -13), -144
(-28, 148), 133
(126, 190), 22
(28, 39), 19
(43, 82), 173
(-110, 8), 72
(177, -165), 157
(196, 136), -181
(123, 165), -152
(6, -39), -154
(169, -165), 33
(-148, -137), 41
(-58, -118), 76
(154, -84), 167
(-179, -142), -165
(-52, -138), 128
(-119, 0), 175
(-83, 87), -177
(-130, 141), 111
(114, -4), -101
(-54, 9), 21
(-29, -125), -44
(100, -197), -144
(82, 141), -79
(60, 164), -149
(-95, -2), -183
(-112, -169), 37
(131, -79), 65
(53, -88), 197
(-196, 96), -136
(75, 184), 171
(105, 92), 56
(163, -176), 58
(-40, 128), 13
(-187, 145), 172
(-101, 9), -156
(19, 182), 72
(-183, 1), -121
(189, -95), -5
(-190, 98), -188
(-195, -143), -148
(-50, -123), 22
(-23, 7), -3
(135, -10), 73
(91, -90), 21
(161, 138), -169
(51, 172), -102
(158, 23), -154
(130, 98), -125
(38, 134), 166
(-91, 166), 172
(25, 97), -36
(34, -23), 123
(145, -86), 54
(161, -98), 40
(-192, -16), 166
(-93, -84), -135
(-32, -144), 73
(-10, -169), -163
(42, -67), -20
(-101, 88), 198
(-139, -55), -195
(9, -198), -157
(126, 143), 55
(-189, -162), 53
(187, 197), 127
(96, -60), 180
(118, 129), 185
(-182, -21), -152
(72, 118), 164
(189, -89), 51
(192, 58), -135
(82, 163), -171
(-137, 160), -143
(-43, -49), -146
(-156, -64), -31
(-7, 165), -4
(-134, -164), -68
(10, 143), 172
(-118, 78), -11
(-146, 37), 199
(-154, 3), -183
(94, -160), -112
(191, -176), 35
(-37, -122), -155
(-164, -22), -8
(55, -40), -77
(21, 63), -69
(98, -86), -124
(-94, 127), -198
(40, -55), -140
(191, -81), -70
(-32, -112), -178
(175, 77), 153
(185, 114), -147
(77, 6), 73
(-154, -172), -153
(178, -43), -127
(181, 99), 176
(5, -132), 52
(-75, -163), -56
(-87, 4), 85
(-170, -71), 34
(147, -135), 21
(-114, -156), 46
(163, -134), -167
(171, 86), -41
(140, 136), 133
(74, 146), 95
(131, 96), 50
(-15, 14), -17
(-77, -91), 92
(181, -7), 188
(-162, 41), 82
(-48, 23), -80
(-52, 89), 20
(-139, 60), -167
(51, -148), 72
(-161, -179), -82
(-124, -91), -147
(193, 129), 6
(-187, -189), 46
(139, -100), 9
(172, -146), -144
(-30, -71), -73
(-185, -35), -76
(179, -122), -132
(10, 119), -162
(-186, -166), 35
(84, -90), -81
(-40, -18), 161
(183, -14), 48
(186, 114), 142
(-108, -72), -191
(154, -20), -105
(136, -60), 160
(-59, 182), -151
(-58, -116), 159
(152, 54), 129
(-55, 12), 66
(164, -135), -104
(199, 115), -200
(-138, -69), -106
(-160, -59), -189
(188, -170), 7
(-148, -97), -9
(63, -49), -146
(-36, -108), 7
(114, -45), -173
(-71, -95), -17
(-105, 60), -51
(-182, 167), -189
(-130, -191), 162
(-28, -61), -25
(-35, -34), -188
(97, 40), -33
(-119, 125), -22
(-23, 11), 142
(130, 17), -40
(-87, 164), 181
(183, 162), 86
(150, 160), 85
(-94, -192), 131
(93, -156), -170
(-52, 31), 10
(-49, -10), -116
(182, -177), 59
(-61, 77), 114
(164, -136), -109
(-68, -164), 67
(-90, 115), 143
(-117, 83), -116
(-61, 126), -40
(-73, 86), -174
(-118, -14), -194
(158, -30), 147
(-187, 47), 2
(-138, -194), -18
(-161, -91), -163
(-112, -132), -147
(-15, -107), -114
(-86, 136), 111
(89, 169), 140
(-154, 8), -108
(-66, -186), -61
(-96, 56), 38
(155, -49), -73
(-188, 27), 159
(75, -112), -20
(189, -10), -118
(104, 77), -54
(19, 69), 58
(-44, 151), -176
(-162, -100), 107
(73, -198), -74
(-114, 112), 186
(47, -149), 124
(185, -128), -165
(200, 73), 24
(12, 99), 188
(-165, -156), -13
(138, -154), -108
(-35, -121), -167
(116, 169), -76
(-141, 66), -71
(165, -83), -29
(-51, 46), -92
(188, 92), -31
(6, -122), -55
(69, 33), -59
(142, -102), 128
(-129, -27), 70
(-10, -195), 164
(-108, -85), -43
(200, -99), 145
(-10, -126), 9
(161, -118), 93
(-172, 58), -131
(58, -149), 14
(60, -168), -30
(-32, 113), -197
(170, 153), 32
(40, -50), 64
(-144, -153), 103
(-85, 88), 11
(-61, -165), -102
(182, 136), 176
(-194, 44), 188
(155, -26), 28
(-104, 131), 138
(-81, 157), 194
(20, 53), 141
(-63, 87), 55
(33, 173), -77
(132, 161), 182
(-196, 43), 199
(-196, -47), 5
(-22, -149), -98
(-38, 79), -123
(123, -199), 124
(149, -106), 62
(-90, 134), -121
(2, -14), -151
(-117, 53), 25
(193, 101), 121
(150, -47), -85
(196, -145), 123
(26, -138), 45
(108, 117), 80
(-41, 156), -123
(-50, -133), -199
(-100, 7), -147
(70, -171), 172
(-31, 52), -137
(-91, 179), 40
(-85, 137), -180
(194, 112), -140
(-189, -163), -160
(-19, -26), 16
(-50, -128), -127
(72, -194), 4
(-31, 2), 9
(-66, 90), -106
(-50, 90), -35
(105, 49), -122
(-170, 18), -187
(42, -143), 132
(159, 31), 44
(197, -8), 21
(-80, -131), -5
(-50, -97), -82
(-111, 185), 2
(139, -51), -170
(-162, 46), 35
(3, 8), 86
(-29, 1), 129
(73, 29), 144
(161, -161), 101
(65, 38), -102
(93, 152), 30
(-98, -143), 121
(-52, -72), 40
(55, -159), -157
(117, 127), 70
(-107, 172), 172
(-17, 151), -84
(-151, -183), -153
(200, 5), -128
(-134, -183), -7
(157, 96), -139
(-182, 10), 13
(-64, -143), -65
(-19, 185), -144
(49, -164), -160
(-34, 165), 166
(175, 198), 110
(78, -60), 7
(77, 98), 44
(-119, -178), -52
(-148, -110), -149
(10, -34), 20
(-187, 32), -22
(-11, -191), -184
(-103, 115), 56
(4, -90), 14
(143, 168), 96
(-195, -193), -160
(-18, 135), -21
(-150, -173), -36
(104, 82), 124
(37, 162), -67
(18, 54), -43
(-82, 160), 13
(147, -140), 181
(-117, 55), -59
(-88, 198), -144
(0, -96), 197
(49, -18), -157
(-152, 80), -1
(97, -75), 7
(49, -83), -133
(-177, 51), -88
(-24, -134), 61
(82, -171), 155
(24, -98), -113
(-74, 199), 91
(47, -162), 80
(-198, -73), 37
(-12, -104), 21
(-109, -103), -108
(117, -89), -181
(12, 50), -29
(-163, 200), -101
(16, -12), 183
(-183, -82), -79
(-77, -45), -80
(131, 154), -180
(-54, -28), -9
(-88, -114), -85
(85, -106), -69
(-14, -179), 22
(-10, 89), 122
(166, 179), -71
(5, -135), -117
(-117, 120), -110
(-32, 19), -61
(-38, 8), 6
(-199, 49), 143
(-57, 84), -183
(-117, -120), 127
(-95, 143), 121
(-173, 143), 10
(-140, -81), 63
(155, 31), -1
(-70, 112), -60
(-93, 131), 56
(129, -43), 81
(107, -36), -150
(-68, 89), -193
(22, 91), -136
(-151, -24), -194
(-32, 48), -87
(-153, 170), -100
(-65, -23), 21
(189, -51), -157
(189, 133), -118
(-14, -138), 36
(160, -191), 76
(129, 92), -147
(-140, -1), 185
(2, -3), -123
(-131, 38), -28
(-130, 165), -116
(54, 173), -177
(-124, -18), -5
(101, 108), 27
(-169, 173), 0
(-97, -160), -97
(48, 66), 117
(171, 60), 72
(-41, -140), 20
(-154, -196), -98
(63, -38), 131
(-77, -130), -83
(-43, -170), 180
(195, 96), -91
(140, -142), -89
(45, 20), -124
(110, 185), -65
(-174, -38), -171
(181, 71), 161
(104, -158), -11
(119, 48), 38
(-15, 30), 65
(104, -56), 161
(19, 108), -85
(-154, 107), 128
(36, 73), -71
(65, -55), -175
(-113, -144), -103
(54, 155), -156
(-165, -70), 195
(82, 31), 182
(5, -2), 139
(-115, 116), -198
(39, -170), -135
(-150, -74), -154
(-40, -181), -193
(134, 75), 6
(-4, 76), 45
(-6, -92), -170
(170, -154), 119
(-46, 190), -114
(171, 108), -71
(-167, 152), -94
(-161, -18), -177
(124, 131), -123
(-194, 116), -190
(130, -51), -36
(-24, -135), 117
(-194, 69), -31
(-27, 119), -49
(59, -97), -11
(-23, 174), -42
(-4, -105), 168
(169, 93), 170
(-170, -4), -131
(21, -55), -68
(49, 176), -35
(-178, 42), -109
(-17, 0), 78
(130, -141), 127
(-142, 118), -192
(17, -179), -70
(104, 50), -53
(49, 88), 19
(-181, 126), -188
(-191, -109), 65
(87, -47), 51
(21, 24), -135
(-17, -49), 69
(133, 112), -72
(-29, 32), -157
(179, 60), 104
(195, 167), 75
(50, -107), 157
(-112, -122), 108
(15, -110), 173
(79, 191), -84
(-21, -96), 110
(-155, 143), -101
(172, 54), -104
(-155, -27), -156
(47, -77), 170
(-185, -106), 46
(-130, 28), -14
(-148, -3), 41
(190, -192), -196
(139, 168), 76
(34, -132), 165
(-125, -38), 57
(-18, 76), 98
(132, 184), 119
(84, -73), -181
(-97, 16), 100
(-71, 17), -103
(-107, 10), 54
(156, -61), 35
(2, 153), -42
(23, 32), 35
(-51, 46), -125
(-200, 74), -154
(83, -92), 25
(157, 11), 125
(-121, 47), 10
(62, 159), -156
(34, -92), 148
(107, 157), -64
(52, -182), -16
(-177, -11), 156
(-139, -94), -79
(168, 101), 41
(-189, 127), -44
(15, -189), 64
(-129, -101), 23
(138, -111), -85
(107, 168), 146
(167, -33), -82
(0, -58), -17
(-193, -37), -3
(69, -45), -119
(-28, -154), -120
(82, -60), 124
(128, -132), -63
(-34, 176), -66
(39, 182), 89
(-181, 68), 69
(-195, 146), -124
(69, -199), 83
(173, -63), -151
(-198, -91), -14
(27, -195), 35
(-24, 136), 22
(-192, 48), 68
(-34, -144), 17
(5, 1), 119
(-135, 90), -125
(57, -13), 98
(28, 137), 32
(-20, -108), -88
(-111, -94), 146
(10, 179), 41
(190, 118), -158
(-89, 82), -70
(133, -36), -116
(-4, 82), 140
(-165, -3), 44
(-83, 115), -147
(157, -157), -54
(91, 36), -66
(-85, 43), 188
(-142, 71), -28
(135, -85), -23
(-50, 96), 185
(-159, -29), 5
(164, -3), 63
(153, 90), -131
(75, -92), 54
(-54, 142), 34
(-61, 195), -128
(181, 12), 139
(149, -32), -16
(56, -15), 181
(-56, 122), 199
(-87, -93), 184
(96, 88), 104
(151, -127), 86
(-200, -38), 159
(183, 119), -128
(-153, 39), 27
(146, 68), 184
(191, -5), 119
(-193, 195), 107
(127, -39), 103
(-168, 190), 0
(17, 160), -145
(-42, 83), -167
(75, -98), 144
(21, 84), 190
(131, -25), 70
(47, -66), -144
(-56, 75), 77
(-179, -171), -175
(-106, -115), -124
(-14, 71), 40
(151, 187), 110
(-70, -33), -100
(-20, -181), -152
(150, -179), -88
(-46, 151), 86
(125, -9), 75
(4, 179), 183
(135, -36), -67
(113, -138), -122
(128, -105), 145
(112, -169), 15
(47, 180), 125
(140, 36), 93
(167, -77), -142
(-136, -107), 185
(-6, 77), -174
(-4, -109), -191
(149, -107), 59
(-125, 197), -185
(-113, -131), -157
(0, -168), 122
(-119, 58), -188
(137, 186), -156
(-47, 34), 70
(-195, -167), 25
(-93, 145), 185
(-2, 14), 177
(146, 161), -118
(-186, 169), -200
(129, 149), -50
(112, -59), -92
(162, 170), -196
(-110, 121), -107
(-22, 131), 155
(-22, -55), 143
(-164, 139), -110
(-184, -116), 146
(-65, 50), -47
(139, -188), 65
(127, 83), 0
(-197, 30), 165
(-73, 85), -46
(-75, 80), -6
(-172, 190), 91
(178, 18), 155
(-11, 71), 137
(-82, -160), -73
(-150, -73), 90
(153, 184), -40
(-109, 90), 30
(49, 105), 76
(45, -123), -141
(25, 198), -41
(-71, 182), -12
(-115, 10), 91
(106, -24), 111
(-121, -188), 183
(38, -25), -93
(-91, 58), 14
(87, -115), -93
(-78, 79), -142
(32, 135), 54
(122, 29), -166
(14, -186), 96
(-170, -79), -69
(74, -81), -112
(-75, 0), 78
(136, 198), -200
(124, 41), 116
(-76, 132), 106
(-31, -53), -89
(-195, 157), 0
(90, 166), 181
(-122, 126), 32
(-10, 41), -55
(115, 118), 78
(-95, 130), 82
(-136, -15), 189
(36, -112), -145
(-59, 56), 52
(-190, 53), 100
(158, 143), 130
(-60, -112), -88
(-83, 187), 35
(13, 59), 14
(114, -2), -127
(-1, -165), 110
(8, 29), 131
(-100, 175), 29
(-171, -159), -111
(-42, -92), 78
(-93, 81), 200
(-105, -128), -145
(-118, 145), 129
(-149, 163), 42
(-147, -58), -7
(-176, -93), -98
(-22, -173), 22
(-40, 75), -96
(22, -175), 67
(-87, 125), -17
(168, -193), -70
(-157, 147), 149
(-61, -21), -145
(128, 16), -26
(-72, 2), -6
(-58, 81), -181
(-179, -164), -158
(30, -65), 84
(-77, 176), 22
(98, 134), 185
(134, -45), 28
(74, -155), 134
(197, 162), 109
(7, -121), -73
(74, -102), -5
(199, -116), 0
(-13, -66), -64
(-142, -159), -41
(-143, -135), 175
(148, -28), -58
(-149, -67), 15
(-68, 14), 137
(-95, 88), -69
(-139, 82), -12
(126, 123), 30
(154, 101), -28
(-87, 149), -77
(7, 1), -167
(132, 115), -111
(186, -18), -127
(133, -28), -59
(23, 37), -197
(123, -173), -26
(133, 124), 57
(67, 118), -158
(79, 183), 77
(-38, -39), -87
(-96, -60), -123
(167, 87), -147
(50, -177), 37
(144, 21), -106
(-53, 132), 32
(-3, 122), -30
(-146, -175), -56
(146, -13), 25
(165, 111), 189
(75, -11), 190
(150, -130), 41
(41, -96), 173
(146, -178), -113
(-14, 189), 86
(57, -129), -34
(75, -60), -93
(42, 7), -193
(15, 132), 142
(72, -33), 156
(111, 6), -148
(29, -44), -136
(64, 112), 150
(-130, -130), 2
(-164, -59), -6
(88, -99), 68
(80, -85), -176
(-187, -158), -70
(-157, 164), -156
(158, -137), 152
(58, 34), 51
(-79, 176), 146
(196, -163), -66
(70, -73), 13
(-118, -197), 166
(-184, -86), 35
(144, -90), 89
(-193, -3), 154
(59, 94), 0
(77, -3), -39
(-193, -86), -76
(-112, -195), -189
(131, 190), -119
(-23, -177), 100
(-141, -118), 16
(86, 135), -161
(60, -121), -78
(-157, 97), -186
(-194, 103), -198
(-52, -20), 173
(-110, 28), -52
(102, 127), 154
(-157, -74), -23
(77, -69), 81
(-13, 200), -107
(126, -148), 38
(-35, 66), 145
(-3, -86), 114
(-178, -85), 70
(44, 34), -99
(-99, -199), 9
(-25, -49), 92
(-145, -10), 184
(-68, -96), -72
(18, -76), -148
(-162, 34), -130
(91, 18), -92
(4, -64), -105
(-186, -66), -194
(-195, -148), 97
(113, -153), 51
(183, -43), 26
(88, 143), -141
(21, -58), -189
(-187, 2), -194
(-10, 82), -128
(182, 167), -65
(-94, -22), -119
(-75, 179), 38
(-181, -21), -173
(-190, 41), -171
(157, -198), 91
(23, -191), 9
(198, 134), 80
(154, -200), 171
(108, -183), -50

(122, 10)
(-64, -71)
(33, 49)
(111, -173)
(8, 184)
(-103, 132)
(9, -115)
(71, 189)
(-12, -86)
(9, 91)
(-33, 40)
(6, -14)
(-191, 161)
(3, -45)
(-197, 77)
(-126, -105)
(62, 176)
(170, -46)
(178, 49)
(-117, -77)
(133, 163)
(-26, -113)
(117, -44)
(-126, -3)
(56, -195)
(-61, -136)
(32, 191)
(43, 166)
(-173, 168)
(152, 6)
(-92, 38)
(-191, 122)
(9, -137)
(67, 15)
(-152, 114)
(42, 30)
(-93, 28)
(40, -94)
(-68, 174)
(-60, 128)
(55, -117)
(21, -142)
(-85, 65)
(-169, 187)
(111, -150)
(-160, -170)
(4, -85)
(-75, -137)
(187, -76)
(-37, 12)
(123, -94)
(-143, 126)
(112, 54)
(78, 63)
(-158, -33)
(157, -191)
(166, -7)
(53, 27)
(180, 21)
(77, 3)
(35, -105)
(-187, -21)
(100, -133)
(-78, 83)
(-121, -77)
(-67, -134)
(191, -200)
(-38, -25)
(20, -65)
(70, 84)
(-143, -41)
(-170, -200)
(27, 56)
(-90, 80)
(-48, -159)
(-167, -46)
(-121, -143)
(80, 79)
(-67, -187)
(90, -70)
(-140, -17)
(-155, -112)
(-173, -40)
(-148, 17)
(-149, 147)
(171, -184)
(127, -116)
(116, 33)
(105, 66)
(105, -123)
(107, 84)
(71, 55)
(57, 135)
(161, -196)
(140, 115)
(90, -175)
(-154, -136)
(120, -125)
(142, -14)
(84, 83)
(41, -16)
(-172, 66)
(-91, -181)
(136, 66)
(-135, -145)
(-106, -41)
(29, 136)
(192, 53)
(-151, -106)
(20, -172)
(-191, -16)
(30, -14)
(-100, 0)
(-141, -141)
(125, 127)
(-162, -124)
(20, -180)
(134, -30)
(127, -28)
(-68, -35)
(-8, -90)
(97, -39)
(22, 83)
(106, 7)
(-153, 124)
(13, 33)
(116, -103)
(148, 128)
(165, 98)
(195, -28)
(25, -182)
(-129, 159)
(78, 68)
(-37, -94)
(64, 23)
(20, -20)
(-29, 84)
(174, -73)
(165, -10)
(-32, 166)
(-31, 81)
(163, -39)
(-157, -40)
(-118, -5)
(173, -19)
(1, -156)
(-14, 26)
(-20, -86)
(-32, 82)
(146, 49)
(-2, -159)
(1, -141)
(110, 54)
(-197, -87)
(-101, 145)
(-150, 94)
(-59, 199)
(18, 152)
(143, -155)
(168, -27)
(-150, 29)
(32, -48)
(-73, 135)
(-78, -47)
(148, -44)
(-162, 104)
(-63, 116)
(-145, 114)
(65, -85)
(162, -114)
(-23, 78)
(-37, 116)
(-67, -16)
(-70, -140)
(16, 120)
(186, -31)
(142, -117)
(22, 198)
(98, -145)
(139, -161)
(-150, 62)
(-39, 31)
(196, 148)
(-200, 171)
(65, 72)
(127, -4)
(-93, 101)
(133, 119)
(103, -2)
(113, -187)
(-122, -66)
(-123, 31)
(130, 187)
(-33, 53)
(145, 163)
(31, 55)
(-118, -94)
(-145, -188)
(-142, -7)
(82, -59)
(-99, -149)
(91, -88)
(-72, -102)
(-175, -33)
(30, -10)
(43, 147)
(110, -103)
(-126, -123)
(-166, -12)
(-44, -109)
(-130, -78)
(55, 149)
(122, 124)
(13, 186)
(-135, -115)
(-19, -31)
(144, -10)
(10, 127)
(-63, 51)
(8, -43)
(118, -46)
(-63, -166)
(-23, -49)
(70, -29)
(-76, 47)
(126, -154)
(17, -146)
(50, 174)
(80, 168)
(131, -41)
(-26, 124)
(-120, 192)
(-124, 118)
(-104, -90)
(77, 146)
(183, 77)
(-47, 149)
(-65, -91)
(-71, -182)
(-120, -50)
(21, -134)
(22, 71)
(138, -169)
(-47, 8)
(49, -48)
(49, -152)
(-38, -3)
(-4, 171)
(47, 70)
(53, 166)
(-161, 102)
(135, 175)
(-45, 127)
(-77, 164)
(33, 73)
(-140, -110)
(-142, 7)
(31, 169)
(-117, -12)
(-88, -69)
(-118, 157)
(1, 105)
(98, -193)
(64, -188)
(-91, -88)
(-137, 103)
(-99, 93)
(-54, -123)
(144, 185)
(97, -70)
(-137, 30)
(68, 134)
(-108, 122)
(129, 39)
(-110, -141)
(163, 151)
(-65, 77)
(23, 98)
(65, -89)
(-10, -64)
(-143, -42)
(-7, -152)
(158, 51)
(128, -21)
(-26, 155)
(124, -181)
(31, 142)
(-106, 96)
(-3, 139)
(16, 81)
(-180, -14)
(21, 167)
(-99, -151)
(-97, 138)
(182, 79)
(116, -160)
(6, 149)
(-109, 124)
(-144, 18)
(-181, 183)
(-53, -145)
(-136, -103)
(135, -168)
(160, -188)
(153, 1)
(-71, -133)
(66, -41)
(-123, 106)
(-83, 166)
(-51, -166)
(-16, -51)
(131, 149)
(189, 126)
(-82, -104)
(-111, -57)
(-118, 188)
(25, 187)
(169, -74)
(-116, -65)
(-143, -88)
(-196, -24)
(-77, -51)
(-167, 39)
(-65, 143)
(30, 122)
(60, -115)
(-25, -143)
(105, -187)
(-2, 154)
(-103, 58)
(-177, 124)
(182, 97)
(158, -66)
(16, 35)
(116, -154)
(-115, -47)
(-41, -171)
(-57, 56)
(70, -173)
(2, -27)
(-18, 29)
(5, 17)
(85, 82)
(5, -90)
(-152, -5)
(95, 57)
(-174, 20)
(57, -96)
(144, -54)
(107, -120)
(-188, 70)
(-148, -148)
(155, -92)
(-134, -52)
(48, -14)
(159, 118)
(94, -136)
(-170, -158)
(-76, 182)
(171, -48)
(64, -184)
(-177, -186)
(132, 45)
(-109, -101)
(-43, 197)
(16, 175)
(-157, 136)
(191, -112)
(-155, -101)
(115, -183)
(37, 183)
(-115, 189)
(64, 148)
(-143, 167)
(198, 169)
(-12, -166)
(75, -149)
(196, 101)
(20, 158)
(141, 167)
(116, 1)
(182, -153)
(-4, 121)
(115, -129)
(53, 26)
(-98, 190)
(-178, 25)
(-38, 119)
(192, 194)
(42, -47)
(59, -82)
(-179, -172)
(-16, 64)
(83, -144)
(-12, -141)
(-144, 8)
(49, -27)
(-74, 113)
(132, -116)
(-122, 82)
(190, -11)
(114, 89)
(86, -26)
(164, -77)
(133, 178)
(-87, 62)
(157, 139)
(145, 165)
(-32, 37)
(-51, -134)
(-136, -3)
(-16, 125)
(-173, 6)
(117, 170)
(-164, -13)
(-32, 12)
(149, 172)
(83, 133)
(-145, 190)
(169, -159)
(154, 132)
(177, 52)
(-152, -82)
(17, -130)
(-84, -91)
(-109, 108)
(-127, -116)
(-164, 175)
(144, 129)
(-31, -107)
(-11, -60)
(189, 130)
(-12, -172)
(-30, -180)
(-73, -37)
(-46, -96)
(166, 166)
(-163, 159)
(42, -159)
(194, -30)
(103, -76)
(11, 133)
(-22, 38)
(-74, -130)
(-150, 197)
(-92, 195)
(199, 33)
(-68, -126)
(-8, -66)
(46, 127)
(-51, -4)
(137, 127)
(92, -37)
(112, 170)
(-54, 99)
(-182, 151)
(164, -71)
(-48, -65)
(-122, -60)
(99, 114)
(-94, 22)
(181, -132)
(-145, -185)
(-78, -6)
(174, 43)
(-126, 47)
(168, -13)
(195, 135)
(121, 200)
(-87, -114)
(-68, -142)
(97, -84)
(70, 139)
(102, 132)
(66, -184)
(170, 124)
(-108, 108)
(-72, -16)
(170, -181)
(100, 3)
(185, -71)
(-180, -146)
(-130, 184)
(-42, 138)
(-57, 189)
(-167, 193)
(22, -3)
(65, -185)
(-60, 27)
(38, 128)
(-70, -1)
(-115, 23)
(-126, 29)
(78, -29)
(-97, 101)
(23, -110)
(93, 101)
(120, -92)
(-103, -106)
(-119, -174)
(-119, 124)
(88, -100)
(-108, 12)
(72, -98)
(122, 41)
(119, -115)
(149, -156)
(-21, 59)
(-68, -62)
(-75, 57)
(43, 94)
(-76, -195)
(-169, 90)
(91, 87)
(-43, -91)
(-170, 199)
(82, 127)
(-125, -115)
(-3, 84)
(156, -137)
(195, -177)
(173, 94)
(89, -134)
(-81, -165)
(192, 81)
(9, 192)
(0, -57)
(-176, 55)
(-127, -136)
(150, -88)
(-132, 175)
(108, 102)
(20, 63)
(63, 3)
(-195, -7)
(190, -14)
(136, -84)
(-41, 198)
(-26, -97)
(113, -70)
(-129, 4)
(124, -174)
(163, 131)
(171, -158)
(-61, -53)
(134, 5)
(-28, -90)
(74, 34)
(182, -39)
(-129, -117)
(-23, -3)
(-142, 185)
(-117, -91)
(-57, -152)
(134, -52)
(173, -117)
(-56, 166)
(177, -141)
(-56, -63)
(19, 88)
(-169, -102)
(199, 50)
(-43, -35)
(113, 21)
(114, -105)
(74, -192)
(65, -101)
(-175, -162)
(-155, -58)
(-192, 52)
(44, -34)
(-14, 0)
(-137, -170)
(-57, 91)
(-145, -190)
(188, -3)
(-21, -159)
(-112, -87)
(14, 200)
(-110, 198)
(83, -139)
(145, 126)
(116, 117)
(51, 69)
(78, -140)
(2, -100)
(153, 41)
(-115, -56)
(-118, 53)
(-137, 190)
(-58, -180)
(63, -153)
(41, 64)
(86, -28)
(73, 8)
(-145, 67)
(-198, 80)
(152, -45)
(-83, -155)
(-127, 117)
(168, -114)
(0, 63)
(5, -81)
(-159, 150)
(137, 178)
(-174, -14)
(-197, -115)
(-180, -159)
(22, -198)
(199, -83)
(159, 144)
(-68, 26)
(-56, -186)
(-67, 129)
(167, 187)
(-120, -58)
(-131, 1)
(88, -152)
(13, -96)
(93, 127)
(24, -2)
(56, 99)
(-163, 84)
(-118, -40)
(-131, 177)
(-13, -5)
(-95, -43)
(106, -108)
(-138, -31)
(107, -58)
(138, -20)
(-189, -108)
(-9, 1)
(-131, -165)
(-79, -99)
(-162, -159)
(-32, -32)
(175, 141)
(158, 13)
(-58, 54)
(3, -120)
(180, 16)
(-92, -24)
(37, 6)
(-106, -25)
(183, 5)
(124, 13)
(90, 102)
(118, 81)
(-139, 55)
(-108, 98)
(-167, -171)
(-131, -114)
(70, 165)
(28, 12)
(151, -185)
(-56, 45)
(81, 3)
(-142, -191)
(-79, 163)
(-101, -120)
(23, 74)
(9, -141)
(-22, -1)
(-24, 75)
(176, 137)
(-86, -19)
(52, -29)
(192, -103)
(1, 51)
(17, 190)
(-66, -136)
(127, -126)
(-70, -49)
(5, 60)
(192, -88)
(1, -169)
(93, 142)
(-12, -158)
(-39, -195)
(-139, 2)
(-76, -157)
(79, -117)
(-178, -34)
(-139, -101)
(148, -20)
(139, -124)
(118, 104)
(185, -128)
(46, 96)
(-34, -159)
(-104, 131)
(-96, 148)
(-70, 154)
(156, -28)
(42, -200)
(186, 142)
(-29, 96)
(21, 101)
(-8, -183)
(170, 158)
(-119, -166)
(158, -195)
(-57, -56)
(-129, 137)
(26, -62)
(36, 118)
(189, -45)
(25, 104)
(128, -109)
(92, -18)
(-1, -115)
(-23, -10)
(-190, 24)
(166, -177)
(72, 72)
(43, -11)
(119, 18)
(-149, -194)
(-103, 33)
(92, -189)
(121, -150)
(-106, -105)
(-29, -79)
(186, 116)
(-115, 23)
(-194, -47)
(-27, 141)
(67, -8)
(-27, -158)
(-20, 23)
(-70, 23)
(-128, -27)
(60, 99)
(22, -95)
(-122, 35)
(-85, -63)
(-46, -138)
(5, 49)
(-108, -41)
(-151, -150)
(-60, -52)
(157, 33)
(-112, -13)
(138, -130)
(-36, -29)
(49, -69)
(45, 74)
(-193, 150)
(15, -18)
(-48, 49)
(18, -125)
(174, 119)
(-91, 36)
(40, -80)
(77, 145)
(117, 67)
(-171, 181)
(-165, -141)
(15, 114)
(115, -196)
(-136, -103)
(198, -25)
(69, -4)
(-101, -102)
(-66, 71)
(52, 15)
(-107, 62)
(-149, -105)
(-133, -94)
(21, -162)
(-7, 90)
(195, -17)
(10, 53)
(19, 79)
(-34, 20)
(153, -64)
(182, 141)
(-43, 121)
(-30, -95)
(27, 106)
(114, 171)
(-192, 25)
(-117, 164)
(36, 13)
(-8, -182)
(-43, -18)
(18, -52)
(36, 22)
(79, -192)
(100, 187)
(-79, 186)
(-98, -138)
(177, 183)
(-17, 108)
(-76, -90)
(151, -108)
(22, 55)
(-6, -110)
(154, -39)
(-85, 48)
(-153, 127)
(-47, 60)
(29, 70)
(-36, 123)
(52, 83)
(152, 71)
(136, 67)
(-121, -97)
(9, -163)
(86, 26)
(179, 109)
(-53, 103)
(121, 142)
(128, 122)
(-130, -79)
(157, 59)
(-166, 65)
(79, 44)
(196, 107)
(-136, 26)
(-55, -97)
(-76, 143)
(172, 123)
(-173, 76)
(-66, 17)
(167, 38)
(-123, 171)
(-16, 16)
(-118, -71)
(-177, -139)
(15, 106)
(33, 61)
(171, 69)
(-103, -101)
(-133, 126)
(-185, -30)
(144, -118)
(-166, 183)
(23, 143)
(20, -180)
(60, 140)
(77, 126)
(89, -107)
(81, 61)
(-57, 96)
(-15, 32)
(69, -15)
(-66, -194)
(189, 52)
(-17, -74)
(-3, -175)
(-106, 40)
(-186, 121)
(-172, 93)
(180, 33)
(-52, -49)
(-35, -166)
(-114, -171)
(-105, 103)
(169, 106)
(192, -180)
(-87, 50)
(-36, -175)
(94, 116)
(32, 153)
(-97, -128)
(111, -73)
(100, 196)
(148, 117)
(-86, 183)
(-72, 103)
(-105, 81)
(-29, 9)
(113, 172)
(165, -138)
(-115, -71)
(158, 86)
(-143, 2)
(-29, 144)
(-70, -55)
(-37, -90)
(6, -104)
(17, 26)
(-104, 89)
(-84, 84)
(-100, 34)
(188, -88)
(-195, 60)
(-102, -96)
(122, -156)
(18, 198)
(53, 108)
(-66, -113)
(66, 166)
(-131, -196)
(73, -128)
(-133, -174)
(162, 85)
(-32, 3)
(107, -151)
(-8, -149)
(60, -151)
(87, 17)
(-110, -138)
(188, 88)
(105, 162)
(108, 37)
(-26, -26)
(14, 43)
(-55, -36)
(-197, -98)
(124, -26)
(184, 67)
(-50, 124)
(94, 189)
(154, 160)
(110, -164)
(68, -53)
(189, -82)
(-108, -152)
(-88, -41)
(153, -192)
(5, 99)
(129, 175)
(152, -52)
(2, 72)
(-28, -116)
(-176, 118)
(-10, 67)
(-94, -91)
(85, 140)
(-98, 183)
(41, 164)
(10, -188)
(107, -24)
(-114, -5)
(-138, 165)
(129, -133)
(188, -192)
(-18, 80)
(-125, 175)
(-177, 168)
(-75, -8)
(-92, 198)
(-191, -180)
(7, 32)
(86, -138)
(90, 121)
(-101, 82)
(-67, -141)
(185, -80)
(37, -154)
(-56, -137)
(-77, 3)
(198, 127)
(-188, -170)
(-32, -13)
(-109, -73)
(17, -190)
(59, -12)
(60, -87)
(-114, 0)
(66, -195)
(-15, -181)
(-135, -96)
(-38, 96)
(153, -126)
(34, -156)
(25, -189)
(37, -149)
(-24, -39)
(-180, -135)
(-1, 150)
(-4, -153)
(58, -126)
(183, 183)
(30, -180)
(148, -193)
(-184, -93)
(101, 167)
(-14, -118)
(-64, 62)
(138, -125)
(-14, 124)
(-45, 195)
(143, 143)
(35, -84)
(14, -48)
(-24, 163)
(-44, -73)
(-155, 30)
(-38, -134)
(-138, -191)
(199, -21)
(105, 38)
(190, -105)
(195, 142)
(-56, -144)
(39, -15)